LDL
118 
152 
150 
140 
106 
119 
160 
108  
95 
106 
121 
126  
89 
149 
116 
124 
122 
139
118 
110 
118 
141  
94 
118 
119 
126 
125 
109 
113 
106 
129  
96 
117 
104 
120  
99
126 
138 
135 
130  
97 
100  
96 
149 
117 
108 
128 
110 
121 
106 
147 
127 
119 
155
130 
131 
139 
131 
126 
121 
123  
86 
119 
126  
98 
143  
90  
89 
114 
120 
125 
110
111 
110 
139 
100 
101 
148  
93 
127 
125 
121 
139 
102 
107 
107 
104 
132 
152 
132
155 
123 
118 
114  
86  
60  
63 
170 
180 
190